517
518
530
534
1785
1821
1839
1978
3071
3249
3251
3254
3484
3863
4098
4099
4100
4101
4103
4725
4849
5122
5130
5134
5691
6121
6595
6876
6878
7639
7644
8007
8231
8233
8542
8939
8940
8942
9293
9295
9323
9546
9578
9589
9594
9621
9701
9790
10574
10638
10642
10644
11274
11330
11371
11504
11505
12483
12716
13472
13474
13576
14001
14016
14315
14959
14962
14963
15951
15952
15953
15957
17135
17821
17928
18475
18731
18745
19024
20084
22038
22569
22574
22581
22598
22833
23217
23898
24444
24519
25441
25457
25463
25676
25997
26022
26143
27276
27664
27745
28390
28555
28883
29176
29862
29874
30283
30638
30705